348
1298
735
11
1760
1331
1554
1399
1480
1585
327
311
1810
1484
806
1746
1762
943
372
996
1279
1968
1738
1983
265
649
1102
962
1033
1300
391
289
713
1242
1940
1947
191
1583
1907
529
986
1435
1276
989
990
1664
1969
612
1103
1317
1221
1893
388
1129
528
754
401
583
412
721
199
1511
1338
1185
980
1899
1042
1344
548
1062
280
1060
28
1245
1976
242
174
1064
1505
411
771
260
1479
1205
264
1108
1269
15
172
885
1723
773
68
1358
176
520
284
1189
1003
345
259
522
787
1868
941
1178
743
1530
922
1613
1731
484
514
1719
670
1685
1761
306
92
8
1972
1474
1755
776
1742
822
1223
90
232
1833
1569
1610
1651
1830
57
667
1445
56
741
1155
1400
1200
682
1534
517
1052
1271
1366
1490
738
1816
1689
615
695
1999
906
1853
1128
1814
785
502
659
1115
957
1638
599
1959
269
137
1341
913
841
455
1011
616
325
1889
319
1948
1047
1782
1847
750
1206
1101
1806
580
1626
1567
1092
1557
1562
647
309
32
1044
897
972
1
1836
728
1929
860
654
634
474
303
1687
1264
793
1093
1850
1513
1863
1595
270
402
88
47
248
1261
666
1367
1603
403
994
893
279
1109
1487
878
224
1918
886
562
1037
1837
798
690
6
138
751
693
1371
945
150
1859
206
164
896
